15.55,28.65,2
14.90,27.55,2
14.45,28.35,2
14.15,28.80,2
13.75,28.05,2
13.35,28.45,2
13.00,29.15,2
13.45,27.50,2
13.60,26.50,2
12.80,27.35,2
12.40,27.85,2
12.30,28.40,2
12.20,28.65,2
13.40,25.10,2
12.95,25.95,2
12.90,26.50,2
11.85,27.00,2
11.35,28.00,2
11.15,28.70,2
11.25,27.40,2
10.75,27.70,2
10.50,28.35,2
9.65,28.45,2
10.25,27.25,2
10.75,26.55,2
11.70,26.35,2
11.60,25.90,2
11.90,25.05,2
12.60,24.05,2
11.90,24.50,2
11.10,25.20,2
10.55,25.15,2
10.05,25.95,2
9.35,26.60,2
9.30,27.25,2
9.20,27.80,2
7.50,28.25,2
8.55,27.45,2
8.50,27.05,2
8.05,27.20,2
7.85,26.80,2
7.30,27.40,2
6.80,26.85,2
7.00,26.50,2
7.55,26.30,2
8.55,26.30,2
9.00,25.85,2
8.60,25.65,2
9.40,25.55,2
8.45,25.05,2
8.85,24.60,2
9.65,24.70,2
10.55,24.35,2
11.05,23.90,2
10.55,23.55,2
9.45,23.35,2
9.20,23.90,2
8.35,23.90,2
7.35,24.75,2
7.40,25.45,2
6.60,25.75,2
6.10,26.00,2
5.80,26.95,2
5.65,25.80,2
5.30,26.10,2
6.40,25.40,2
5.40,25.25,2
5.35,24.70,2
4.80,25.05,2
4.20,25.55,2
6.40,24.80,2
6.55,24.30,2
7.40,24.25,2
5.45,24.20,2
4.30,24.00,2
4.00,24.25,2
3.35,23.30,2
4.85,23.05,2
4.30,22.75,2
5.85,23.40,2
5.90,23.55,2
7.55,23.70,2
6.85,23.25,2
7.65,23.10,2
6.95,22.55,2
6.10,22.60,2
5.50,22.60,2
4.70,22.10,2
3.80,21.85,2
4.65,21.20,2
4.15,20.35,2
5.30,20.40,2
5.60,20.75,2
5.80,21.95,2
6.40,21.95,2
6.55,21.15,2
7.45,21.95,2
7.40,21.55,2
7.75,21.20,2
7.65,20.65,2
6.95,19.80,2
6.60,20.10,2
6.05,20.20,2
5.40,19.65,2
5.35,19.05,2
5.80,18.25,2
6.30,19.10,2
7.00,18.90,2
7.15,17.90,2
7.35,18.20,2
8.20,20.05,2
8.30,19.45,2
8.30,18.50,2
8.75,18.80,2
9.05,18.20,2
9.35,17.70,2
8.90,17.65,2
8.45,17.20,2
10.05,17.20,2
10.40,16.75,2
8.60,20.90,2
8.65,21.30,2
8.65,21.90,2
8.65,22.50,2
8.95,22.80,2
9.95,22.65,2
8.95,22.20,2
9.65,21.90,2
10.55,22.30,2
10.90,22.85,2
11.35,23.45,2
12.05,23.40,2
12.30,22.75,2
11.70,22.15,2
11.15,22.05,2
10.85,21.50,2
10.85,21.05,2
9.60,21.30,2
9.85,20.70,2
9.35,20.60,2
9.25,19.65,2
9.95,19.80,2
10.70,20.35,2
11.30,20.70,2
12.35,21.60,2
13.10,21.30,2
12.85,20.75,2
12.00,20.00,2
11.00,19.85,2
10.35,19.00,2
9.90,18.65,2
10.60,18.15,2
11.40,18.30,2
11.40,19.25,2
12.35,18.80,2
12.80,19.75,2
12.15,18.10,2
11.05,17.50,2
11.95,17.25,2
12.25,17.50,2
13.05,17.40,2
13.75,18.15,2
13.50,18.65,2
13.65,19.25,2
14.00,19.90,2
15.20,18.20,2
15.50,17.15,2
13.90,17.10,2
13.75,16.60,2
12.15,16.40,2
7.80,13.70,6
8.85,13.35,6
9.00,12.70,6
9.70,12.10,6
8.05,12.90,6
7.70,13.25,6
6.80,13.20,6
6.60,13.45,6
6.20,12.55,6
5.40,12.85,6
5.70,12.25,6
5.20,11.90,6
5.15,11.35,6
5.85,11.20,6
6.10,11.75,6
7.00,12.35,6
7.05,12.45,6
7.90,12.50,6
8.55,12.10,6
7.85,11.85,6
7.10,11.95,6
6.90,11.50,6
6.85,10.90,6
6.40,10.70,6
5.90,10.30,6
6.40,10.25,6
7.05,10.05,6
7.35,10.50,6
7.65,11.10,6
8.10,11.20,6
8.80,11.40,6
8.30,10.55,6
9.00,10.90,6
9.35,10.50,6
10.15,11.00,0
10.40,10.55,0
10.90,10.00,0
11.55,10.20,0
11.75,10.85,0
10.10,8.65,0
11.05,9.10,0
11.85,9.80,0
12.85,10.65,0
12.90,11.70,0
13.60,11.10,0
14.05,11.75,0
14.50,11.80,0
14.30,12.45,0
17.00,12.90,0
15.80,12.60,0
15.85,12.00,0
16.70,12.20,0
16.25,11.70,0
15.55,11.15,0
14.80,11.35,0
14.45,10.75,0
13.75,10.45,0
12.80,10.10,0
13.15,9.80,0
12.45,9.30,0
11.80,8.95,0
11.10,8.45,0
10.35,7.70,0
10.10,6.75,0
11.30,7.95,0
12.35,8.45,0
13.10,8.95,0
13.20,9.35,0
14.10,10.05,0
11.50,7.50,0
11.35,6.90,0
11.95,6.75,0
12.40,7.10,0
12.25,7.60,0
12.95,7.60,0
13.45,7.95,0
13.35,8.25,0
13.75,9.00,0
14.30,9.30,0
14.85,9.55,0
15.10,10.25,0
15.45,10.55,0
16.35,10.85,0
16.75,11.50,0
16.25,10.20,0
15.40,10.10,0
15.45,9.70,0
15.15,9.30,0
15.25,8.65,0
15.55,8.20,0
14.25,8.70,0
14.25,8.25,0
15.05,7.80,0
14.30,7.50,0
13.55,7.45,0
14.30,6.95,0
13.95,6.70,0
13.05,6.95,0
13.05,6.20,0
11.55,6.30,0
10.80,5.85,0
10.60,5.05,0
11.35,5.55,0
12.15,5.40,0
12.40,5.80,0
12.80,5.70,0
13.65,5.90,0
13.90,5.30,0
13.10,5.10,0
12.55,4.90,0
11.50,4.75,0
11.35,4.05,0
12.40,4.35,0
11.75,3.45,0
12.65,3.70,0
13.40,4.35,0
13.90,4.95,0
12.75,3.00,0
13.55,3.15,0
13.70,3.65,0
14.10,4.10,0
14.65,5.05,0
14.35,5.75,0
14.50,6.55,0
15.15,7.10,0
13.60,2.55,0
14.45,2.40,0
14.60,3.05,0
15.00,3.40,0
15.25,3.50,0
14.70,4.10,0
14.70,4.50,0
15.25,2.70,0
15.65,2.05,0
15.95,2.80,0
16.10,3.55,0
15.90,4.00,0
15.60,4.75,0
15.55,5.05,0
15.35,5.50,0
15.15,5.95,0
15.50,6.75,0
15.70,6.35,0
16.20,5.90,0
16.35,5.35,0
16.20,4.55,0
16.55,4.20,0
16.95,4.75,0
17.05,5.10,0
17.30,4.80,0
17.30,4.15,0
17.60,4.30,0
17.05,3.70,0
17.25,3.05,0
16.65,2.80,0
16.55,2.15,0
17.20,2.05,0
18.15,1.95,0
18.05,2.45,0
18.15,3.05,0
18.60,3.45,0
18.40,3.60,0
18.85,3.20,0
19.10,2.65,0
19.45,2.65,0
19.00,2.10,0
19.90,2.05,0
20.45,2.80,0
19.80,3.25,0
19.45,3.90,0
18.65,4.20,0
18.40,4.60,0
18.65,4.75,0
18.75,5.15,0
19.10,4.55,0
17.90,5.40,0
17.65,5.70,0
17.05,6.05,0
17.40,6.50,0
16.60,6.85,0
15.70,7.15,0
15.75,7.75,0
16.60,7.95,0
20.40,3.40,0
20.70,3.45,0
21.15,2.85,0
21.75,2.65,0
22.00,3.25,0
22.20,3.50,0
21.45,3.75,0
21.10,4.05,0
20.15,4.30,0
20.80,4.70,0
20.70,5.15,0
19.75,5.05,0
19.85,5.50,0
20.40,5.65,0
20.55,5.75,0
18.70,5.75,0
19.25,5.95,0
18.40,6.00,0
18.45,6.60,0
17.65,7.05,0
16.70,7.40,0
18.65,7.30,0
18.05,7.35,0
17.85,7.75,0
17.50,8.25,0
17.15,8.60,0
17.05,9.00,0
16.40,8.70,0
16.05,8.95,0
16.05,9.60,0
16.50,9.75,0
17.25,9.60,0
17.60,9.90,0
17.80,9.30,0
18.00,8.55,0
18.80,8.10,0
18.80,8.35,0
19.40,7.60,0
19.25,6.60,0
20.05,6.95,0
19.80,7.50,0
20.05,6.35,0
21.15,5.70,0
21.65,4.85,0
22.15,4.35,0
23.05,3.35,0
23.05,3.80,0
23.15,4.40,0
22.50,4.75,0
22.15,5.20,0
24.15,4.55,0
23.50,5.05,0
23.10,5.30,0
23.00,5.75,0
22.20,5.75,0
21.85,6.20,0
20.75,6.55,0
21.00,7.15,0
20.75,7.65,0
20.00,8.20,0
19.50,8.65,0
18.85,9.05,0
18.75,9.55,0
18.60,10.00,0
16.95,10.35,0
17.35,10.85,0
18.00,10.65,0
18.50,10.55,0
18.10,11.10,0
17.55,11.30,0
17.95,11.90,0
18.30,12.00,0
18.00,12.50,0
19.00,11.65,0
19.50,11.05,0
19.45,10.55,0
19.40,9.65,0
20.10,9.40,0
20.05,9.95,0
20.05,10.20,0
19.35,12.20,0
19.20,12.25,0
20.05,11.60,0
20.60,11.15,0
20.70,10.65,0
21.30,11.65,0
21.80,11.15,0
21.85,10.70,0
21.65,10.05,0
20.95,10.20,0
20.90,9.70,0
21.65,9.45,0
21.20,9.25,0
20.75,8.75,0
20.55,8.75,0
21.10,8.00,0
21.65,8.65,0
21.75,8.20,0
21.95,7.55,0
22.00,6.75,0
22.80,6.45,0
22.65,6.65,0
22.75,7.05,0
23.00,7.35,0
22.55,7.90,0
22.20,8.70,0
22.90,8.45,0
22.35,9.20,0
22.75,9.35,0
22.40,10.05,0
23.05,10.90,0
23.30,9.85,0
23.95,9.80,0
23.65,9.10,0
23.70,8.85,0
24.25,8.25,0
24.85,7.95,0
23.50,7.85,0
23.85,7.35,0
23.95,6.90,0
23.65,6.50,0
23.60,5.70,0
24.30,5.65,0
24.80,6.40,0
34.05,3.50,5
33.05,3.85,5
32.00,3.80,5
31.90,4.40,5
31.05,4.75,5
30.40,5.65,5
30.75,6.10,5
30.00,6.70,5
30.10,7.40,5
29.50,8.15,5
30.75,8.00,5
30.85,7.35,5
31.50,6.75,5
31.75,5.95,5
32.35,6.45,5
32.80,6.00,5
32.05,5.10,5
32.80,4.80,5
32.65,4.40,5
33.65,4.60,5
33.05,5.15,5
33.60,5.45,5
34.50,5.05,5
34.90,4.65,5
35.45,4.10,5
34.60,4.05,5
34.20,4.20,5
36.30,5.20,5
35.55,5.35,5
35.95,6.05,5
34.80,5.85,5
33.70,6.15,5
33.95,6.60,5
33.70,7.05,5
32.75,7.10,5
32.30,7.65,5
33.00,7.90,5
31.95,8.15,5
31.15,8.65,5
30.35,8.85,5
29.85,9.00,5
30.70,9.15,5
29.70,9.90,5
30.45,9.95,5
30.95,9.85,5
31.80,9.45,5
32.45,8.80,5
33.55,8.60,5
34.35,7.70,5
34.70,8.00,5
34.60,7.25,5
35.00,6.80,5
35.50,7.35,5
36.10,7.50,5
36.55,7.00,5
36.00,8.20,5
35.35,8.05,5
36.55,8.65,5
36.40,9.10,5
35.50,9.10,5
34.55,8.85,5
35.25,9.40,5
34.40,9.50,5
33.50,9.30,5
33.85,9.80,5
32.50,9.65,5
32.30,10.25,5
33.30,10.30,5
31.60,10.50,5
30.60,10.50,5
30.40,11.10,5
30.90,11.45,5
30.70,11.65,5
30.40,12.05,5
31.20,12.00,5
31.95,11.35,5
31.65,11.05,5
32.95,11.15,5
32.65,11.70,5
32.25,12.25,5
32.05,12.25,5
31.30,12.70,5
31.95,12.95,5
32.75,13.10,5
33.15,13.20,5
33.10,12.75,5
33.15,12.10,5
34.30,11.75,5
34.00,10.85,5
34.65,11.00,5
34.80,10.10,5
35.65,9.85,5
36.35,10.00,5
35.55,10.75,5
35.80,11.55,5
35.20,11.75,5
34.70,11.75,5
34.95,12.75,5
34.05,12.55,5
34.05,13.05,5
33.25,13.70,5
33.20,14.15,5
33.25,14.70,5
33.00,15.15,1
32.95,15.65,1
32.60,16.15,1
32.45,16.75,1
32.65,17.05,1
32.75,17.30,1
31.75,17.20,1
31.70,17.65,1
31.00,17.50,1
31.15,17.90,1
30.45,18.05,1
30.05,18.80,1
30.55,18.80,1
30.50,19.30,1
30.25,19.40,1
29.60,19.85,1
29.15,20.55,1
30.25,20.45,1
30.70,20.05,1
31.00,19.90,1
31.55,19.65,1
31.50,18.55,1
32.05,18.60,1
31.95,19.10,1
32.60,18.35,1
32.85,17.95,1
33.45,17.45,1
33.70,17.00,1
34.25,17.35,1
34.30,18.05,1
33.85,18.40,1
33.05,18.85,1
33.25,18.95,1
32.80,19.15,1
32.30,19.85,1
32.80,20.00,1
31.75,20.25,1
31.75,20.75,1
32.10,21.15,1
31.55,21.60,1
30.65,21.30,1
29.95,21.60,1
29.50,21.60,1
30.35,22.05,1
31.05,22.00,1
31.55,22.20,1
30.95,22.65,1
30.30,23.10,1
29.60,23.15,1
29.35,22.55,1
29.20,23.85,1
30.75,24.00,1
30.95,24.15,1
31.45,23.70,1
31.95,23.15,1
32.55,22.05,1
32.60,22.55,1
33.25,22.25,1
33.65,21.90,1
33.50,21.30,1
33.10,20.75,1
33.80,20.40,1
33.85,20.00,1
34.15,19.30,1
34.85,18.85,1
35.30,18.55,1
35.40,19.35,1
34.55,19.75,1
35.05,20.00,1
35.95,19.85,1
36.35,20.60,1
35.50,20.55,1
34.45,20.65,1
34.40,21.25,1
35.00,21.05,1
35.75,21.30,1
35.05,21.50,1
34.60,22.05,1
34.20,21.75,1
36.25,21.95,1
35.70,22.30,1
35.50,22.90,1
35.85,23.25,1
36.30,23.80,1
35.45,24.10,1
34.90,23.50,1
34.20,22.90,1
33.85,23.30,1
33.25,23.35,1
32.45,23.70,1
33.60,23.90,1
34.25,23.95,1
34.25,24.10,1
35.40,24.70,1
35.15,25.30,1
34.40,24.90,1
33.70,24.85,1
32.25,24.45,1
32.50,24.70,1
31.45,24.45,1
31.55,25.20,1
31.05,25.00,1
30.25,24.30,1
29.80,24.80,1
29.60,25.50,1
29.70,26.05,1
30.50,25.50,1
30.65,26.00,1
31.25,26.05,1
31.45,26.95,1
30.75,26.90,1
30.65,27.15,1
31.25,27.85,1
31.85,27.75,1
32.70,28.20,1
33.25,27.55,1
32.40,27.10,1
32.15,26.65,1
32.35,25.95,1
32.95,25.50,1
33.85,26.05,1
33.05,26.50,1
33.65,27.00,1
34.10,27.35,1
34.20,27.95,1
34.65,26.85,1
35.25,26.00,1
35.70,26.15,1
34.40,25.60,1
21.30,20.80,3
20.15,20.90,3
19.20,21.35,3
19.10,21.85,3
18.45,22.80,3
18.75,22.95,3
19.40,23.00,3
19.55,22.25,3
19.80,21.85,3
20.50,21.85,3
21.45,21.45,3
21.70,21.90,3
21.40,22.30,3
21.00,22.60,3
21.15,22.95,3
20.50,22.85,3
19.75,23.65,3
19.20,23.70,3
18.45,24.35,3
20.65,23.85,3
20.65,24.30,3
19.70,24.60,3
20.15,25.05,3
22.15,25.10,3
21.60,24.65,3
21.70,23.80,3
21.90,23.65,3
22.55,23.50,3
22.55,24.30,3
23.30,24.45,3
24.25,24.35,3
23.80,25.25,3
23.40,23.80,3
22.90,23.20,3
22.30,22.80,3
22.20,22.40,3
23.10,21.70,3
22.85,21.90,3
22.65,21.10,3
23.15,22.60,3
24.10,21.90,3
24.70,22.20,3
24.30,22.60,3
24.15,23.30,3
23.90,23.45,3
5.20,2.15,4
6.35,1.95,4
6.75,2.30,4
5.90,2.40,4
5.40,2.70,4
4.85,2.90,4
4.85,3.35,4
5.15,3.45,4
5.70,3.45,4
6.20,3.00,4
6.20,3.20,4
7.65,2.15,4
7.20,2.75,4
6.75,3.20,4
6.75,3.55,4
6.65,3.80,4
5.80,4.00,4
4.95,4.05,4
5.10,4.35,4
5.70,4.45,4
5.45,4.85,4
6.70,4.80,4
6.55,5.05,4
7.20,4.90,4
6.20,4.25,4
7.10,4.30,4
7.85,4.50,4
7.60,4.15,4
7.25,3.55,4
7.80,3.35,4
8.05,2.75,4
8.50,3.25,4
8.10,3.55,4
8.15,4.00,4
